1
7
10
26
36
42
55
106
53
77
102
106
159
216
128
132
139
308
173
159
186
203
301
300
339
448
440
472
430
380
513
419
443
427
367
467
570
457
564
604
594
645
685
796
610
709
917
769
726
828
988
972
918
1133
971
1065
1065
1171
1370
1260
1374
1569
1435
1732
1554
1651
1594
1514
1315
1594
1568
1428
1582
1645
1699
1745
1750
2115
1841
1943
2010
2033
2142
2091
2158
2422
2699
2730
2623
2840
2742
2469
3016
2738
2677
3204
2885
2812
2919
2877
2842
2865
2964
3226
3388
3189
3472
3537
3660
3685
4311
3780
3957
3894
4242
4550
4390
4432
4239
4500
5213
4917
6361
5763
5584
5406
4754
6075
5092
5097
5102
5505
5287
5648
5206
5917
5825
6116
5895
6078
6060
6902
6529
6428
6172
6821
6423
7321
7722
7097
