0
9
12
17
28
34
76
111
59
121
116
200
267
186
183
263
233
246
265
382
359
471
444
634
692
535
545
612
677
586
888
876
936
1083
912
1090
1036
1244
1063
1143
1278
1351
1639
1479
1291
1366
1673
2049
2412
2403
2625
2513
2086
2229
2239
2416
2501
2380
2242
2493
3116
2849
2804
2780
2613
3230
3295
4115
3894
4039
3246
4355
4161
4927
4250
3922
4538
4469
4366
4562
5045
4641
5351
5963
6146
5906
6300
6085
6399
6584
6671
7562
7524
9091
8398
8146
8275
7383
7910
7814
7994
8337
8751
8765
8756
8830
8964
8915
9732
10274
7624
7107
7718
8005
7817
8239
8600
7852
8431
8989
9108
10270
8261
10833
9905
9356
9667
9912
9966
10431
10684
12618
11351
11321
11678
10996
12300
13205
13840
13031
13558
14953
13750
16303
14186
14253
13570
14351
15205
14846
